765
293
727
89
384
735
230
444
187
880
265
160
66
319
613
45
586
258
55
859
542
971
543
53
931
991
708
624
958
253
547
49
757
836
642
718
899
827
26
225
290
168
21
981
719
578
142
451
843
529
973
283
282
234
656
731
524
696
686
123
364
248
9
797
807
98
229
999
576
270
639
546
144
844
490
485
72
37
464
944
932
380
941
430
741
136
327
525
257
432
151
35
480
420
300
623
17
286
188
550
126
591
47
760
465
911
773
192
418
196
743
172
714
396
202
690
266
2
332
397
928
211
737
846
145
897
966
409
360
715
856
24
847
310
628
445
804
209
471
612
687
173
178
798
649
298
408
935
867
216
698
186
965
705
94
394
792
865
400
520
452
563
988
106
439
592
753
413
112
247
278
888
403
92
307
527
886
231
118
710
36
777
429
483
668
548
146
545
279
8
936
676
717
276
716
695
456
759
470
88
219
443
249
44
62
179
325
435
221
129
692
662
667
522
729
650
80
616
203
909
261
619
582
839
610
120
506
454
942
604
105
241
574
39
790
475
679
825
185
220
663
16
950
419
468
497
328
482
711
629
291
736
885
618
296
4
651
596
391
774
424
898
544
970
453
876
322
404
10
156
995
434
11
189
15
766
532
210
666
96
489
704
183
472
979
477
706
344
925
292
712
437
772
840
373
643
367
589
505
620
842
512
215
606
245
948
65
776
860
77
488
353
882
767
268
878
566
277
947
200
38
953
134
491
511
849
155
243
358
530
315
335
554
75
507
869
555
930
978
868
484
460
585
826
811
462
738
246
775
858
311
564
329
498
862
198
742
761
313
552
664
109
169
677
496
820
539
835
818
110
962
393
640
442
19
976
810
946
598
681
768
425
95
487
481
855
829
993
149
379
549
20
627
590
119
326
501
816
809
571
392
412
406
919
764
272
461
848
518
139
58
933
823
916
575
536
389
411
12
752
509
171
982
343
671
908
985
116
864
521
703
233
822
381
832
407
348
67
297
180
720
251
242
121
583
59
256
423
605
224
492
399
226
892
682
130
361
351
273
745
260
27
138
577
949
7
73
763
570
0
990
153
573
262
873
386
841
46
661
901
254
447
438
41
801
961
115
891
79
448
817
854
457
217
463
91
569
701
349
201
1
796
609
288
383
685
969
789
866
308
739
218
114
994
301
700
135
744
831
415
140
312
147
455
833
29
770
108
699
371
101
922
559
336
837
395
517
504
980
446
857
175
478
316
30
561
500
69
558
998
275
957
340
40
255
31
314
514
486
48
889
181
669
572
746
758
163
894
697
199
780
853
733
111
280
417
693
295
890
645
910
646
195
60
707
347
684
670
157
538
912
141
431
675
410
803
750
956
212
197
74
208
237
50
51
734
374
834
952
235
52
641
975
597
205
70
385
441
426
634
852
648
786
306
851
382
906
929
342
989
688
43
955
659
751
414
100
914
363
421
808
638
924
191
779
388
54
567
655
479
402
3
713
937
617
748
602
161
553
725
895
954
556
125
986
271
593
154
730
23
61
806
190
528
341
82
324
338
557
107
636
42
227
64
626
793
284
25
728
143
436
240
152
787
784
782
607
960
534
148
317
861
587
580
896
356
252
68
274
476
355
204
874
519
877
771
357
968
927
263
182
621
945
86
523
863
903
723
223
635
244
304
680
732
653
535
305
369
339
611
510
987
516
625
673
122
162
362
334
814
377
376
724
323
560
390
812
883
778
533
22
34
76
416
193
184
630
721
422
232
33
137
887
615
785
783
330
915
800
905
769
879
921
749
951
923
14
756
337
368
165
972
647
214
164
581
345
603
474
299
131
513
588
18
28
870
678
128
127
683
428
236
824
660
495
366
934
321
503
568
289
177
346
103
795
133
551
755
754
493
13
920
702
845
150
378
904
694
433
828
997
608
907
631
458
579
996
370
633
959
722
601
450
158
294
672
689
167
691
499
926
78
259
562
387
93
222
781
71
267
565
320
352
799
32
614
467
281
644
850
63
459
87
99
940
881
821
113
333
117
97
595
269
350
375
594
977
815
657
159
963
917
674
427
665
90
194
984
632
83
599
526
84
239
893
176
872
992
207
440
974
213
540
964
762
508
250
228
405
747
104
584
56
939
449
819
359
285
805
537
302
372
871
132
85
652
331
5
541
654
57
600
124
900
502
938
309
838
913
318
466
238
813
622
983
884
166
802
902
206
170
515
469
102
726
658
354
740
637
398
709
794
365
303
81
967
6
875
531
287
174
788
918
830
473
264
943
791
494
401
